-1 -2
-1 -3
-2 -3
-4 -5
-4 -6
-5 -6
-7 -8
-7 -9
-8 -9
-10 -11
-10 -12
-11 -12
-1 5 6
-2 4
-3 4
-4 8 9
-5 7
-6 7
-7 11 12
-8 10
-9 10
-2 13
-5 14
-8 15
-11 16
-3 17
-6 18
-9 19
-12 20
-13 14
-17 18
-14 15
-18 19
-15 16
-19 20
13 -14 5
14 -15 8
15 -16 11
17 -18 6
18 -19 9
19 -20 12
1
-13
-17
16
20
0
1 At(START,0)
2 At(A,0)
3 At(B,0)
4 At(START,1)
5 At(A,1)
6 At(B,1)
7 At(START,2)
8 At(A,2)
9 At(B,2)
10 At(START,3)
11 At(A,3)
12 At(B,3)
13 Has(GOLD,0)
14 Has(GOLD,1)
15 Has(GOLD,2)
16 Has(GOLD,3)
17 Has(WAND,0)
18 Has(WAND,1)
19 Has(WAND,2)
20 Has(WAND,3)
